url_path,views_total,views_unique
/IdahoLabUnsupported/PowDDeR,2,1
