url_path,views_total,views_unique
/idaholab/GranularFlowModels,25,16
/idaholab/GranularFlowModels/blob/main/src/VUMAT_nonlocal_Hypoplasticity.f,6,2
/idaholab/GranularFlowModels/tree/main/src,5,4
/idaholab/GranularFlowModels/tree/main/examples,4,4
/idaholab/GranularFlowModels/blob/main/README.MD,3,3
/idaholab/GranularFlowModels/blob/main/src/VUMAT_NorSand_version2015.f,3,2
/idaholab/GranularFlowModels/blob/main/src/VUMAT_modified_Mohr_Coulomb.f,2,1
/idaholab/GranularFlowModels/search,2,1
/idaholab/GranularFlowModels/blob/c898b9a5360b0e5c2d3da38c8781e2733a1719d1/README.MD,1,1
/idaholab/GranularFlowModels/blob/e7427b1ce0c549b2c141505df836eb173875d5c8/src/VUMAT_modified_Mohr_Coulomb.f,1,1
