url_path,views_total,views_unique
/idaholab/magpie/blob/f9b81c7e58ed060f94e54d641164381ab84d80b2/examples/polar_pfm/verification/verify.ipynb,3,2
/idaholab/magpie,2,2
/idaholab/magpie/issues/282,2,2
/idaholab/magpie/actions,1,1
