referrer,views_total,views_unique
Google,12,11
Bing,5,2
inlsoftware.inl.gov,1,1
github.com,1,1
github-wiki-see.page,1,1
