url_path,views_total,views_unique
/idaholab/large_media/tree/e1211aaf2dec766e9a8e2da1631ee2f36ec7c5de,23,12
/idaholab/large_media,9,5
/idaholab/large_media/tree/phase_field_old_wiki,7,1
/idaholab/large_media/tree/d4dc9d64d1a4954446c74e2f92e7f338593fcecb,5,3
/idaholab/large_media/pulls,4,2
/idaholab/large_media/tree/master,4,2
/idaholab/large_media/commits/master,3,3
/idaholab/large_media/tree/cae3f7be33c009673de3e429855e3d2432398962,3,1
/idaholab/large_media/tree/e1211aaf2dec766e9a8e2da1631ee2f36ec7c5de/thermal_hydraulics/modeling_guide/brayton_cycle,3,1
/idaholab/large_media/commits/e1211aaf2dec766e9a8e2da1631ee2f36ec7c5de,2,2
