referrer,views_total,views_unique
sam.gov,17,9
Google,12,8
github.com,5,3
github.inl.gov,2,1
DuckDuckGo,1,1
youtube.com,1,1
Bing,1,1
stig.readthedocs.io,1,1
